[
    2,
    43,
    55,
    95,
    127,
    130,
    138,
    139,
    147,
    156,
    158,
    162,
    167,
    170,
    173,
    174,
    178,
    183,
    184,
    192,
    193,
    194,
    195,
    196,
    197,
    200,
    201,
    203,
    205,
    206,
    207,
    209,
    210,
    212,
    215,
    216,
    217,
    218,
    219,
    221,
    222,
    223,
    224,
    226,
    227,
    228,
    229,
    230,
    232,
    233,
    234,
    235,
    236,
    237,
    238,
    239,
    240,
    241,
    242,
    243,
    244,
    247,
    248,
    249,
    250,
    251,
    252,
    253,
    254,
    255,
    256,
    257,
    258,
    259,
    260,
    261,
    262,
    263,
    264,
    265,
    266,
    267,
    268,
    269,
    270,
    271,
    272,
    273,
    274,
    275,
    276,
    278,
    279,
    280,
    281,
    282,
    283,
    284,
    285,
    286,
    291,
    292,
    293,
    294,
    295,
    296,
    297,
    298,
    299,
    300,
    301,
    302,
    303,
    304,
    305,
    306,
    307,
    308,
    309,
    310,
    311,
    312,
    313,
    314,
    315,
    316,
    317,
    318,
    319,
    320,
    321,
    322,
    323,
    324,
    325,
    328,
    330,
    331,
    332,
    333,
    335,
    336,
    337,
    338,
    339,
    340,
    341,
    344,
    347,
    355,
    356,
    360,
    362,
    364,
    368,
    371,
    372,
    374,
    377,
    381,
    382,
    384,
    389,
    392,
    395,
    396,
    399,
    402,
    405,
    411,
    414,
    415,
    416,
    419,
    420,
    424,
    425,
    426,
    429,
    430,
    432,
    434,
    439,
    443,
    444,
    445,
    446,
    449,
    451,
    457,
    458,
    475,
    476,
    477,
    492,
    528,
    554,
    561,
    563,
    567,
    571,
    609,
    621,
    640,
    642,
    643,
    648,
    670,
    686,
    691,
    700,
    705,
    721,
    743,
    749,
    751,
    752,
    759,
    760,
    762,
    769,
    791,
    795,
    799,
    800,
    808,
    813,
    814,
    818,
    822,
    823,
    829,
    836,
    839,
    843,
    844,
    856,
    869,
    873,
    897,
    898,
    903,
    904,
    905,
    911,
    914,
    923,
    925,
    929,
    982,
    989,
    990,
    992,
    994,
    995,
    996,
    997,
    998,
    999,
    1000,
    1002,
    1004,
    1005,
    1007,
    1011,
    1014,
    1015,
    1016,
    1022,
    1027,
    1033,
    1047,
    1048,
    1049,
    1050,
    1051,
    1052,
    1053,
    1057,
    1058,
    1059,
    1066,
    1067,
    1079,
    1080,
    1081,
    1092,
    1093,
    1094,
    1097,
    1103,
    1104,
    1105,
    1106,
    1107,
    1108,
    1109,
    1110,
    1112,
    1113,
    1114,
    1115,
    1116,
    1118,
    1119,
    1120,
    1121,
    1124,
    1131,
    1141,
    1144,
    1149,
    1151,
    1152,
    1158,
    1159,
    1161,
    1162,
    1163,
    1167,
    1169,
    1171,
    1176,
    1177,
    1178,
    1179,
    1181,
    1182,
    1184,
    1185,
    1208,
    1211,
    1218,
    1226,
    1229,
    1230,
    1238,
    1240,
    1255,
    1256,
    1264,
    1268,
    1273,
    1282,
    1283,
    1293,
    1295,
    1297,
    1299,
    1311,
    1312,
    1313,
    1314,
    1320,
    1322,
    1324,
    1326,
    1329,
    1333,
    1342,
    1344,
    1368,
    1369,
    1371,
    1373,
    1375,
    1376,
    1379,
    1381,
    1382,
    1383,
    1386,
    1387,
    1388,
    1390,
    1391,
    1392,
    1394,
    1396,
    1397,
    1398,
    1399,
    1400,
    1401,
    1404,
    1409,
    1411,
    1412,
    1413,
    1415,
    1416,
    1417,
    1420,
    1424,
    1425,
    1427,
    1429,
    1431,
    1432,
    1438,
    1439,
    1441,
    1442,
    1444,
    1452,
    1455,
    1458,
    1460,
    1463,
    1469,
    1470,
    1472,
    1473,
    1474,
    1475,
    1476,
    1477,
    1478,
    1484,
    1486,
    1487,
    1489,
    1490,
    1491,
    1492,
    1494,
    1496,
    1497,
    1500,
    1501,
    1505,
    1507,
    1508,
    1509,
    1513,
    1516,
    1517,
    1518,
    1522,
    1524,
    1529,
    1530,
    1531,
    1532,
    1533,
    1538,
    1540,
    1541,
    1545,
    1547,
    1548,
    1550,
    1558,
    1559,
    1560,
    1561,
    1562,
    1564,
    1565,
    1568,
    1569,
    1570,
    1571,
    1572,
    1573,
    1574,
    1575,
    1576,
    1577,
    1578,
    1579,
    1580,
    1581,
    1582,
    1583,
    1584,
    1585,
    1586,
    1587,
    1588,
    1589,
    1590,
    1591,
    1592,
    1593,
    1596,
    1597,
    1598,
    1599,
    1600,
    1601,
    1602,
    1603,
    1604,
    1605,
    1606,
    1607,
    1608,
    1609,
    1610,
    1611,
    1612,
    1613,
    1614,
    1615,
    1616,
    1617,
    1618,
    1619,
    1620,
    1621,
    1622,
    1623,
    1624,
    1625,
    1626,
    1627,
    1628,
    1629,
    1630,
    1631,
    1632,
    1633,
    1634,
    1635,
    1636,
    1637,
    1638,
    1639,
    1640,
    1641,
    1642,
    1643,
    1644,
    1645,
    1647,
    1648,
    1649,
    1650,
    1651,
    1652,
    1653,
    1654,
    1655,
    1656,
    1657,
    1658,
    1659,
    1660,
    1661,
    1662,
    1663,
    1664,
    1665,
    1666,
    1667,
    1668,
    1669,
    1670,
    1671,
    1672,
    1673,
    1674,
    1675,
    1676,
    1677,
    1678,
    1679,
    1680,
    1681,
    1682,
    1683,
    1684,
    1685,
    1686,
    1687,
    1688,
    1689,
    1690,
    1691,
    1692,
    1693,
    1694,
    1695,
    1696,
    1697,
    1698,
    1699,
    1700,
    1701,
    1702,
    1703,
    1704,
    1705,
    1706,
    1707,
    1708,
    1709,
    1710,
    1711,
    1712,
    1713,
    1714,
    1715,
    1716,
    1717,
    1718,
    1719,
    1720,
    1721,
    1722,
    1723,
    1724,
    1725,
    1726,
    1727,
    1728,
    1729,
    1730,
    1731,
    1732,
    1733,
    1734,
    1735,
    1736,
    1737,
    1738,
    1739,
    1740,
    1741,
    1742,
    1743,
    1744,
    1745,
    1746,
    1747,
    1748,
    1749,
    1750,
    1751,
    1752,
    1753,
    1754,
    1755,
    1756,
    1757,
    1758,
    1759,
    1760,
    1761,
    1762,
    1763,
    1764,
    1765,
    1768,
    1769,
    1770,
    1771,
    1774,
    1775,
    1778,
    1779,
    1781,
    1784,
    1785,
    1788,
    1789,
    1792,
    1793,
    1795,
    1798,
    1799,
    1800,
    1801,
    1804,
    1805,
    1808,
    1809,
    1812,
    1813,
    1816,
    1817,
    1819,
    1820,
    1821,
    1822,
    1823,
    1824,
    1825,
    1826,
    1827,
    1828,
    1829,
    1830,
    1831,
    1832,
    1833,
    1834,
    1835,
    1836,
    1837,
    1838,
    1839,
    1840,
    1841,
    1842,
    1844,
    1845,
    1846,
    1847,
    1848,
    1849,
    1850,
    1851,
    1852,
    1853,
    1854,
    1855,
    1859,
    1863,
    1864,
    1865,
    1871,
    1872,
    1879,
    1888,
    1889,
    1897,
    1901,
    1916,
    1921,
    1922,
    1936,
    1941,
    1946,
    1954,
    1977,
    1989,
    2010,
    2014,
    2020,
    2043,
    2070,
    2073,
    2078,
    2091,
    2114,
    2160,
    2169,
    2182,
    2204,
    2205,
    2212,
    2222,
    2223,
    2250,
    2258,
    2261,
    2263,
    2268,
    2269,
    2270,
    2286,
    2355,
    2374,
    2392,
    2420,
    2421,
    2422,
    2458,
    2459,
    2460,
    2461,
    2462,
    2463,
    2464,
    2465,
    2466,
    2467,
    2468,
    2469,
    2470,
    2471,
    2472,
    2473,
    2474,
    2475,
    2476,
    2477,
    2480,
    2482,
    2486,
    2488,
    2489,
    2490,
    2492,
    2494,
    2497,
    2498,
    2509,
    2514,
    2515,
    2516,
    2517,
    2518,
    2520,
    2521,
    2535,
    2539,
    2544,
    2547,
    2557,
    2567,
    2570,
    2571,
    2572,
    2573,
    2574,
    2575,
    2578,
    2579,
    2580,
    2581,
    2594,
    2595,
    2596,
    2597,
    2611,
    2612,
    2613,
    2614,
    2615,
    2616,
    2617,
    2618,
    2619,
    2620,
    2621,
    2625,
    2626,
    2627,
    2628,
    2629,
    2630,
    2631,
    2632,
    2633,
    2636,
    2639,
    2640,
    2641,
    2642,
    2643,
    2644,
    2645,
    2646,
    2647,
    2648,
    2649,
    2650,
    2651,
    2652,
    2653,
    2654,
    2655,
    2656,
    2657,
    2658,
    2671,
    2672,
    2673,
    2674,
    2675,
    2676,
    2678,
    2682,
    2684,
    2685,
    2686,
    2688,
    2689,
    2690,
    2691,
    2692,
    2693,
    2694,
    2695,
    2696,
    2697,
    2698,
    2699,
    2700,
    2701,
    2705,
    2707,
    2708,
    2709,
    2710,
    2711,
    2712,
    2713,
    2714,
    2715,
    2726,
    2727,
    2756,
    2779,
    2780,
    2785,
    2786,
    2792,
    2793,
    2808,
    2809,
    2810,
    2811,
    2815,
    2817,
    2826,
    2828,
    2829,
    2834,
    2848,
    2851,
    2852,
    2853,
    2860,
    2879,
    2884,
    2889,
    2890,
    2894,
    2895,
    2896,
    2897,
    2898,
    2899,
    2900,
    2901,
    2902,
    2903,
    2904,
    2905,
    2906,
    2907,
    2908,
    2916,
    2918,
    2919,
    2922,
    2923,
    2924,
    2925,
    2926,
    2927,
    2928,
    2929,
    2930,
    2931,
    2936,
    2937,
    2938,
    2939,
    2942,
    2943,
    2947,
    2950,
    2951,
    2952,
    2957,
    2965,
    2966,
    2968,
    2971,
    2973,
    2979,
    2983,
    2986,
    2987,
    2990,
    2991,
    2992,
    2993,
    2994,
    2995,
    2996,
    2997,
    2998,
    2999,
    3000,
    3001,
    3002,
    3003,
    3004,
    3005,
    3006,
    3007,
    3008,
    3009,
    3010,
    3011,
    3012,
    3013,
    3014,
    3015,
    3016,
    3017,
    3018,
    3019,
    3020,
    3021,
    3022,
    3023,
    3024,
    3025,
    3026,
    3027,
    3028,
    3029,
    3030,
    3031,
    3032,
    3033,
    3034,
    3035,
    3036,
    3037,
    3038,
    3039,
    3040,
    3041,
    3042,
    3043,
    3044,
    3045,
    3046,
    3047,
    3048,
    3049,
    3050,
    3051,
    3052,
    3053,
    3054,
    3055,
    3058,
    3059,
    3060,
    3061,
    3062,
    3063,
    3064,
    3066,
    3067,
    3068,
    3096,
    3098,
    3099,
    3100,
    3109,
    3128,
    3129,
    3130,
    3135,
    3138,
    3144,
    3145,
    3146,
    3147,
    3148,
    3149,
    3153,
    3158,
    3159,
    3164,
    3166,
    3167,
    3169,
    3172,
    3174,
    3175,
    3176,
    3177,
    3178,
    3190,
    3197,
    3198,
    3199,
    3200,
    3201,
    3202,
    3203,
    3204,
    3205,
    3206,
    3207,
    3208,
    3209,
    3210,
    3211,
    3212,
    3213,
    3214,
    3215,
    3216,
    3217,
    3218,
    3219,
    3220,
    3221,
    3222,
    3223,
    3224,
    3225,
    3226,
    3227,
    3228,
    3229,
    3230,
    3231,
    3232,
    3233,
    3234,
    3235,
    3236,
    3237,
    3238,
    3239,
    3240,
    3241,
    3242,
    3243,
    3244,
    3245,
    3246,
    3247,
    3248,
    3249,
    3250,
    3251,
    3252,
    3253,
    3254,
    3255,
    3256,
    3257,
    3258,
    3259,
    3260,
    3261,
    3262,
    3263,
    3264,
    3265,
    3266,
    3267,
    3268,
    3269,
    3270,
    3271,
    3272,
    3273,
    3274,
    3275,
    3276,
    3277,
    3278,
    3279,
    3280,
    3281,
    3282,
    3283,
    3284,
    3285,
    3286,
    3287,
    3288,
    3289,
    3290,
    3291,
    3292,
    3293,
    3298,
    3301,
    3303,
    3304,
    3305,
    3306,
    3353,
    3354,
    3355,
    3356,
    3357,
    3367,
    3368,
    3369,
    3424,
    3441,
    3447,
    3448,
    3459,
    3465,
    3472,
    3474,
    3475,
    3476,
    3477,
    3481,
    3482,
    3483,
    3484,
    3485,
    3486,
    3487,
    3488,
    3489,
    3490,
    3512,
    3514,
    3515,
    3516,
    3517,
    3519,
    3521,
    3522,
    3524,
    3532,
    3533,
    3539,
    3540,
    3543,
    3544,
    3548,
    3549,
    3550,
    3552,
    3554,
    3561,
    3562,
    3564,
    3568,
    3576,
    3577,
    3578,
    3579,
    3587,
    3589,
    3590,
    3591,
    3593,
    3595,
    3596,
    3597,
    3598,
    3602,
    3615,
    3618,
    3619,
    3625,
    3629,
    3666,
    3668,
    3669,
    3670,
    3671,
    3672,
    3673,
    3677,
    3678,
    3681,
    3684,
    3686,
    3687,
    3691,
    3692,
    3694,
    3695,
    3697,
    3701,
    3702,
    3713,
    3714,
    3720,
    3721,
    3722,
    3723,
    3724,
    3725,
    3727,
    3728,
    3729,
    3730,
    3731,
    3732,
    3734,
    3735,
    3737,
    3738,
    3741,
    3745,
    3753,
    3754,
    3757,
    3760,
    3763,
    3764,
    3765,
    3766,
    3767,
    3768,
    3799,
    3805,
    3806,
    3808,
    3809,
    3810,
    3811,
    3814,
    3815,
    3820,
    3836,
    3838,
    3842,
    3844,
    3862,
    3881,
    3882,
    3889,
    3892,
    3893,
    3894,
    3895,
    3896,
    3897,
    3898,
    3899,
    3900,
    3901,
    3902,
    3903,
    3904,
    3905,
    3906,
    3907,
    3908,
    3909,
    3910,
    3911,
    3912,
    3913,
    3914,
    3915,
    3916,
    3917,
    3918,
    3919,
    3920,
    3921,
    3922,
    3923,
    3924,
    3925,
    3926,
    3927,
    3928,
    3929,
    3930,
    3931,
    3932,
    3933,
    3934,
    3935,
    3936,
    3937,
    3938,
    3939,
    3940,
    3941,
    3942,
    3943,
    3944,
    3945,
    3946,
    3947,
    3948,
    3949,
    3950,
    3951,
    3954,
    3995,
    4007,
    4046,
    4077,
    4080,
    4088,
    4089,
    4096,
    4105,
    4107,
    4111,
    4116,
    4122,
    4123,
    4127,
    4132,
    4133,
    4141,
    4142,
    4143,
    4144,
    4145,
    4146,
    4149,
    4150,
    4152,
    4154,
    4155,
    4157,
    4158,
    4160,
    4163,
    4164,
    4165,
    4166,
    4167,
    4169,
    4170,
    4171,
    4172,
    4174,
    4175,
    4176,
    4177,
    4178,
    4180,
    4181,
    4182,
    4183,
    4184,
    4185,
    4186,
    4187,
    4188,
    4189,
    4190,
    4191,
    4192,
    4195,
    4196,
    4197,
    4198,
    4199,
    4200,
    4201,
    4202,
    4203,
    4204,
    4205,
    4206,
    4207,
    4208,
    4209,
    4210,
    4211,
    4212,
    4213,
    4214,
    4215,
    4216,
    4217,
    4218,
    4219,
    4220,
    4221,
    4222,
    4223,
    4224,
    4226,
    4227,
    4228,
    4229,
    4230,
    4231,
    4232,
    4233,
    4234,
    4239,
    4240,
    4241,
    4242,
    4243,
    4244,
    4245,
    4246,
    4247,
    4248,
    4249,
    4250,
    4251,
    4252,
    4253,
    4254,
    4255,
    4256,
    4257,
    4258,
    4259,
    4260,
    4261,
    4262,
    4263,
    4264,
    4265,
    4266,
    4267,
    4268,
    4269,
    4270,
    4271,
    4272,
    4273,
    4276,
    4278,
    4279,
    4280,
    4281,
    4283,
    4284,
    4285,
    4286,
    4287,
    4288,
    4289,
    4292,
    4295,
    4303,
    4304,
    4308,
    4310,
    4312,
    4319,
    4320,
    4322,
    4325,
    4329,
    4330,
    4332,
    4337,
    4340,
    4343,
    4344,
    4347,
    4350,
    4353,
    4359,
    4362,
    4363,
    4364,
    4367,
    4368,
    4372,
    4373,
    4374,
    4377,
    4378,
    4380,
    4382,
    4387,
    4391,
    4392,
    4393,
    4394,
    4397,
    4399,
    4405,
    4406,
    4423,
    4424,
    4425,
    4439,
    4472,
    4498,
    4504,
    4506,
    4510,
    4514,
    4551,
    4561,
    4579,
    4581,
    4582,
    4587,
    4609,
    4625,
    4630,
    4638,
    4643,
    4659,
    4680,
    4686,
    4688,
    4695,
    4696,
    4698,
    4705,
    4727,
    4731,
    4735,
    4736,
    4744,
    4749,
    4750,
    4754,
    4758,
    4759,
    4765,
    4771,
    4774,
    4778,
    4779,
    4791,
    4804,
    4808,
    4830,
    4831,
    4836,
    4837,
    4843,
    4846,
    4855,
    4857,
    4861,
    4914,
    4921,
    4922,
    4924,
    4926,
    4927,
    4928,
    4929,
    4930,
    4931,
    4932,
    4934,
    4936,
    4937,
    4939,
    4943,
    4946,
    4947,
    4948,
    4954,
    4959,
    4965,
    4979,
    4980,
    4981,
    4982,
    4983,
    4984,
    4985,
    4989,
    4990,
    4991,
    4998,
    4999,
    5011,
    5012,
    5013,
    5024,
    5025,
    5026,
    5029,
    5034,
    5035,
    5036,
    5037,
    5038,
    5039,
    5040,
    5041,
    5043,
    5044,
    5045,
    5046,
    5047,
    5049,
    5051,
    5052,
    5055,
    5062,
    5071,
    5073,
    5075,
    5078,
    5080,
    5081,
    5087,
    5088,
    5090,
    5091,
    5092,
    5096,
    5098,
    5100,
    5105,
    5106,
    5107,
    5108,
    5110,
    5111,
    5113,
    5114,
    5136,
    5139,
    5146,
    5154,
    5157,
    5158,
    5166,
    5168,
    5183,
    5184,
    5192,
    5196,
    5201,
    5210,
    5211,
    5221,
    5223,
    5225,
    5227,
    5239,
    5240,
    5241,
    5242,
    5248,
    5250,
    5252,
    5254,
    5257,
    5261,
    5270,
    5272,
    5296,
    5297,
    5299,
    5301,
    5303,
    5304,
    5307,
    5309,
    5310,
    5311,
    5314,
    5315,
    5316,
    5318,
    5319,
    5320,
    5322,
    5324,
    5325,
    5326,
    5327,
    5328,
    5329,
    5332,
    5337,
    5339,
    5340,
    5341,
    5343,
    5344,
    5345,
    5348,
    5352,
    5353,
    5355,
    5357,
    5359,
    5360,
    5366,
    5367,
    5369,
    5370,
    5372,
    5380,
    5383,
    5386,
    5388,
    5395,
    5396,
    5397,
    5398,
    5399,
    5400,
    5401,
    5402,
    5403,
    5409,
    5411,
    5412,
    5414,
    5415,
    5416,
    5417,
    5419,
    5421,
    5422,
    5425,
    5426,
    5430,
    5432,
    5433,
    5434,
    5438,
    5441,
    5442,
    5443,
    5447,
    5449,
    5454,
    5455,
    5456,
    5457,
    5458,
    5459,
    5463,
    5465,
    5466,
    5470,
    5472,
    5473,
    5475,
    5483,
    5484,
    5485,
    5486,
    5487,
    5490,
    5493,
    5494,
    5495,
    5496,
    5497,
    5498,
    5499,
    5500,
    5501,
    5502,
    5503,
    5504,
    5505,
    5506,
    5507,
    5508,
    5509,
    5510,
    5511,
    5512,
    5513,
    5514,
    5515,
    5516,
    5517,
    5520,
    5521,
    5522,
    5523,
    5524,
    5525,
    5526,
    5527,
    5528,
    5529,
    5530,
    5531,
    5532,
    5533,
    5534,
    5535,
    5536,
    5537,
    5538,
    5539,
    5540,
    5541,
    5542,
    5543,
    5544,
    5545,
    5546,
    5547,
    5548,
    5549,
    5550,
    5551,
    5552,
    5553,
    5554,
    5555,
    5556,
    5557,
    5558,
    5559,
    5560,
    5561,
    5562,
    5563,
    5564,
    5565,
    5566,
    5567,
    5568,
    5569,
    5571,
    5572,
    5573,
    5574,
    5575,
    5576,
    5577,
    5578,
    5579,
    5580,
    5581,
    5582,
    5583,
    5584,
    5585,
    5586,
    5587,
    5588,
    5589,
    5590,
    5591,
    5592,
    5593,
    5594,
    5595,
    5596,
    5597,
    5598,
    5599,
    5600,
    5601,
    5602,
    5603,
    5604,
    5605,
    5606,
    5607,
    5608,
    5609,
    5610,
    5611,
    5612,
    5613,
    5614,
    5615,
    5616,
    5617,
    5618,
    5619,
    5620,
    5621,
    5622,
    5623,
    5624,
    5625,
    5626,
    5627,
    5628,
    5629,
    5630,
    5631,
    5632,
    5633,
    5634,
    5635,
    5636,
    5637,
    5638,
    5639,
    5640,
    5641,
    5642,
    5643,
    5644,
    5645,
    5646,
    5647,
    5648,
    5649,
    5650,
    5651,
    5652,
    5653,
    5654,
    5655,
    5656,
    5657,
    5658,
    5659,
    5660,
    5661,
    5662,
    5663,
    5664,
    5665,
    5666,
    5667,
    5668,
    5669,
    5670,
    5671,
    5672,
    5673,
    5674,
    5675,
    5676,
    5677,
    5678,
    5679,
    5680,
    5681,
    5682,
    5683,
    5684,
    5685,
    5686,
    5687,
    5688,
    5691,
    5692,
    5693,
    5694,
    5697,
    5698,
    5701,
    5702,
    5704,
    5707,
    5708,
    5711,
    5712,
    5715,
    5716,
    5718,
    5721,
    5722,
    5723,
    5724,
    5727,
    5728,
    5731,
    5732,
    5735,
    5736,
    5739,
    5740,
    5742,
    5743,
    5744,
    5745,
    5746,
    5747,
    5748,
    5749,
    5750,
    5751,
    5752,
    5753,
    5754,
    5755,
    5756,
    5757,
    5758,
    5759,
    5760,
    5761,
    5762,
    5763,
    5764,
    5765,
    5767,
    5768,
    5769,
    5770,
    5771,
    5772,
    5773,
    5774,
    5775,
    5776,
    5777,
    5778,
    5782,
    5786,
    5787,
    5788,
    5794,
    5795,
    5802,
    5811,
    5812,
    5820,
    5821,
    5823,
    5838,
    5843,
    5844,
    5856,
    5859,
    5864,
    5872,
    5894,
    5906,
    5926,
    5930,
    5936,
    5958,
    5985,
    5988,
    5993,
    6004,
    6027,
    6072,
    6081,
    6094,
    6116,
    6117,
    6124,
    6134,
    6135,
    6162,
    6170,
    6173,
    6175,
    6180,
    6181,
    6182,
    6198,
    6265,
    6284,
    6302,
    6330,
    6331,
    6332,
    6368,
    6369,
    6370,
    6371,
    6372,
    6373,
    6374,
    6375,
    6376,
    6377,
    6378,
    6379,
    6380,
    6381,
    6382,
    6383,
    6384,
    6385,
    6386,
    6387,
    6390,
    6392,
    6396,
    6397,
    6398,
    6399,
    6400,
    6402,
    6404,
    6407,
    6408,
    6419,
    6424,
    6425,
    6426,
    6427,
    6430,
    6431,
    6444,
    6448,
    6450,
    6453,
    6456,
    6466,
    6476,
    6479,
    6480,
    6481,
    6482,
    6483,
    6484,
    6487,
    6488,
    6489,
    6490,
    6503,
    6504,
    6505,
    6506,
    6520,
    6521,
    6522,
    6523,
    6524,
    6525,
    6526,
    6527,
    6528,
    6529,
    6530,
    6534,
    6535,
    6536,
    6537,
    6538,
    6539,
    6541,
    6542,
    6545,
    6548,
    6549,
    6550,
    6551,
    6552,
    6553,
    6554,
    6555,
    6556,
    6557,
    6558,
    6559,
    6560,
    6561,
    6562,
    6563,
    6564,
    6565,
    6566,
    6567,
    6580,
    6581,
    6582,
    6583,
    6584,
    6585,
    6587,
    6591,
    6593,
    6594,
    6595,
    6597,
    6598,
    6599,
    6600,
    6601,
    6602,
    6603,
    6604,
    6605,
    6606,
    6607,
    6608,
    6609,
    6614,
    6616,
    6617,
    6618,
    6619,
    6620,
    6621,
    6622,
    6623,
    6624,
    6635,
    6636,
    6665,
    6688,
    6689,
    6694,
    6695,
    6701,
    6702,
    6717,
    6718,
    6719,
    6720,
    6724,
    6726,
    6735,
    6737,
    6738,
    6743,
    6757,
    6760,
    6761,
    6762,
    6769,
    6788,
    6793,
    6798,
    6799,
    6803,
    6804,
    6805,
    6806,
    6807,
    6808,
    6809,
    6810,
    6811,
    6812,
    6813,
    6814,
    6815,
    6816,
    6817,
    6825,
    6827,
    6828,
    6831,
    6832,
    6833,
    6834,
    6835,
    6836,
    6837,
    6838,
    6839,
    6840,
    6845,
    6846,
    6847,
    6848,
    6851,
    6852,
    6856,
    6860,
    6861,
    6862,
    6867,
    6875,
    6876,
    6878,
    6881,
    6887,
    6891,
    6894,
    6895,
    6897,
    6900,
    6901,
    6902,
    6903,
    6904,
    6905,
    6906,
    6907,
    6908,
    6909,
    6910,
    6911,
    6912,
    6913,
    6914,
    6915,
    6916,
    6917,
    6918,
    6919,
    6920,
    6921,
    6922,
    6923,
    6924,
    6925,
    6926,
    6927,
    6928,
    6929,
    6930,
    6931,
    6932,
    6933,
    6934,
    6935,
    6936,
    6937,
    6938,
    6939,
    6940,
    6941,
    6942,
    6943,
    6944,
    6945,
    6946,
    6947,
    6948,
    6949,
    6950,
    6951,
    6952,
    6953,
    6954,
    6955,
    6956,
    6957,
    6958,
    6959,
    6960,
    6961,
    6962,
    6963,
    6964,
    6965,
    6968,
    6969,
    6970,
    6971,
    6972,
    6973,
    6974,
    6976,
    6977,
    6978,
    7006,
    7008,
    7009,
    7010,
    7011,
    7019,
    7021,
    7038,
    7039,
    7040,
    7045,
    7048,
    7054,
    7055,
    7056,
    7057,
    7058,
    7059,
    7063,
    7068,
    7069,
    7074,
    7076,
    7077,
    7079,
    7082,
    7084,
    7085,
    7086,
    7087,
    7088,
    7100,
    7107,
    7108,
    7109,
    7110,
    7111,
    7112,
    7113,
    7114,
    7115,
    7116,
    7117,
    7118,
    7119,
    7120,
    7121,
    7122,
    7123,
    7124,
    7125,
    7126,
    7127,
    7128,
    7129,
    7130,
    7131,
    7132,
    7133,
    7134,
    7135,
    7136,
    7137,
    7138,
    7139,
    7140,
    7141,
    7142,
    7143,
    7144,
    7145,
    7146,
    7147,
    7148,
    7149,
    7150,
    7151,
    7152,
    7153,
    7154,
    7155,
    7156,
    7157,
    7158,
    7159,
    7160,
    7161,
    7162,
    7163,
    7164,
    7165,
    7166,
    7167,
    7168,
    7169,
    7170,
    7171,
    7172,
    7173,
    7174,
    7175,
    7176,
    7177,
    7178,
    7179,
    7180,
    7181,
    7182,
    7183,
    7184,
    7185,
    7186,
    7187,
    7188,
    7189,
    7190,
    7191,
    7192,
    7193,
    7194,
    7195,
    7196,
    7197,
    7198,
    7199,
    7200,
    7201,
    7202,
    7203,
    7208,
    7211,
    7213,
    7214,
    7215,
    7216,
    7264,
    7265,
    7266,
    7278,
    7279,
    7334,
    7351,
    7354,
    7357,
    7358,
    7368,
    7374,
    7381,
    7383,
    7384,
    7385,
    7386,
    7390,
    7391,
    7392,
    7393,
    7394,
    7395,
    7396,
    7397,
    7398,
    7399,
    7420,
    7422,
    7423,
    7424,
    7425,
    7427,
    7429,
    7430,
    7432,
    7440,
    7441,
    7447,
    7448,
    7451,
    7452,
    7456,
    7457,
    7458,
    7460,
    7462,
    7469,
    7470,
    7472,
    7476,
    7484,
    7485,
    7486,
    7487,
    7495,
    7497,
    7498,
    7499,
    7501,
    7503,
    7504,
    7505,
    7506,
    7510,
    7523,
    7526,
    7527,
    7533,
    7537,
    7574,
    7576,
    7577,
    7578,
    7579,
    7580,
    7581,
    7585,
    7586,
    7589,
    7592,
    7594,
    7595,
    7599,
    7600,
    7602,
    7603,
    7605,
    7609,
    7610,
    7621,
    7622,
    7628,
    7629,
    7630,
    7631,
    7632,
    7633,
    7635,
    7636,
    7637,
    7638,
    7639,
    7640,
    7642,
    7643,
    7645,
    7646,
    7649,
    7653,
    7661,
    7662,
    7665,
    7668,
    7671,
    7672,
    7673,
    7674,
    7675,
    7676,
    7707,
    7713,
    7714,
    7716,
    7717,
    7718,
    7719,
    7722,
    7723,
    7728,
    7744,
    7746,
    7750,
    7752,
    7770,
    7789,
    7790,
    7797
]
